#Body number: 3
#Body Shape: Box 6.0 1.0 1.0 Box 6.0 1.0 1.0 Box 6.0 1.0 1.0 
#Simulation number: 1
#Step number: 300
5.999999046325684 0.0 14.868885040283203 0.0 0.021850721910595894 0.0 0.9997612237930298 11.999999046325684 0.0 14.841155052185059 0.0 -0.017229868099093437 0.0 0.9998515844345093 17.999998092651367 0.0 14.653379440307617 0.0 0.048507507890462875 0.0 0.998822808265686
5.982875347137451 0.0 14.542906761169434 0.0 0.07616744190454483 0.0 0.997094988822937 11.95293140411377 0.0 14.509413719177246 0.0 -0.0705767348408699 0.0 0.9975064396858215 17.863813400268555 0.0 14.00366497039795 0.0 0.15484575927257538 0.0 0.987938642501831
5.889258861541748 0.0 14.050198554992676 0.0 0.1588853895664215 0.0 0.987296998500824 11.689085960388184 0.0 13.941492080688477 0.0 -0.1406509280204773 0.0 0.9900593161582947 17.22663116455078 0.0 13.15163516998291 0.0 0.27664804458618164 0.0 0.9609713554382324
5.661752223968506 0.0 13.493512153625488 0.0 0.2559068500995636 0.0 0.9667013883590698 11.12011432647705 0.0 13.11461353302002 0.0 -0.1906290203332901 0.0 0.9816622138023376 16.153169631958008 0.0 12.16230583190918 0.0 0.36692914366722107 0.0 0.9302489161491394
5.25836181640625 0.0 12.90321159362793 0.0 0.36743539571762085 0.0 0.9300490021705627 10.230205535888672 0.0 12.098902702331543 0.0 -0.22047288715839386 0.0 0.9753931760787964 14.83970832824707 0.0 11.026365280151367 0.0 0.43317222595214844 0.0 0.9013112187385559
4.653773784637451 0.0 12.376936912536621 0.0 0.48555564880371094 0.0 0.8742057085037231 9.038032531738281 0.0 10.997698783874512 0.0 -0.21209856867790222 0.0 0.9772483706474304 13.396514892578125 0.0 9.702031135559082 0.0 0.47991156578063965 0.0 0.8773168921470642
3.861577033996582 0.0 12.002558708190918 0.0 0.6044719815254211 0.0 0.7966263890266418 7.602653503417969 0.0 9.920756340026855 0.0 -0.15304666757583618 0.0 0.9882190823554993 11.883554458618164 0.0 8.171379089355469 0.0 0.517088770866394 0.0 0.8559317588806152
2.9677438735961914 0.0 11.87596607208252 0.0 0.713485062122345 0.0 0.7006704807281494 6.009288787841797 0.0 8.983999252319336 0.0 -0.03554468974471092 0.0 0.9993681907653809 10.292906761169434 0.0 6.46280574798584 0.0 0.5467249751091003 0.0 0.8373121619224548
2.1672210693359375 0.0 12.01460075378418 0.0 0.7981489896774292 0.0 0.6024600863456726 4.397571563720703 0.0 8.249574661254883 0.0 0.12995833158493042 0.0 0.9915195107460022 8.55037784576416 0.0 4.671932697296143 0.0 0.5644139051437378 0.0 0.8254918456077576
1.6601386070251465 0.0 12.262399673461914 0.0 0.8489102125167847 0.0 0.5285369753837585 2.9290432929992676 0.0 7.664763450622559 0.0 0.3124867081642151 0.0 0.9499222040176392 6.551255226135254 0.0 2.979938268661499 0.0 0.575461745262146 0.0 0.8178286552429199
1.4834585189819336 0.0 12.402657508850098 0.0 0.867274284362793 0.0 0.4978305399417877 1.73435640335083 0.0 7.147745609283447 0.0 0.47885918617248535 0.0 0.8778917789459229 4.262886047363281 0.0 1.5760043859481812 0.0 0.6113653182983398 0.0 0.7913484573364258
1.554697036743164 0.0 12.369932174682617 0.0 0.8606967329978943 0.0 0.5091179013252258 0.8908829689025879 0.0 6.6749348640441895 0.0 0.6181590557098389 0.0 0.7860530614852905 1.772834300994873 0.0 0.5357801914215088 0.0 0.6968088746070862 0.0 0.7172567844390869
1.8794077634811401 0.0 12.192658424377441 0.0 0.8276915550231934 0.0 0.5611832141876221 0.43234318494796753 0.0 6.219102382659912 0.0 0.7470995783805847 0.0 0.664712131023407 -0.8023574352264404 0.0 0.025355875492095947 0.0 0.805688202381134 0.0 0.5923397541046143
2.519569158554077 0.0 11.961987495422363 0.0 0.7591117024421692 0.0 0.6509603261947632 0.3428771197795868 0.0 6.1021528244018555 0.0 0.8770942091941833 0.0 0.4803183972835541 -3.109740734100342 0.0 0.6860761642456055 0.0 0.8853622674942017 0.0 0.4649015963077545
2.3672945499420166 0.0 12.062363624572754 0.0 0.7780010104179382 0.0 0.6282629370689392 0.14946652948856354 0.0 6.577663421630859 0.0 0.8741817474365234 0.0 0.4855988919734955 -4.349872589111328 0.0 2.3962621688842773 0.0 0.9717250466346741 0.0 0.23611488938331604
2.3717870712280273 0.0 12.06664752960205 0.0 0.7776243090629578 0.0 0.6287291049957275 -0.19375865161418915 0.0 6.805527210235596 0.0 0.905639111995697 0.0 0.4240492582321167 -5.263276100158691 0.0 4.004863739013672 0.0 0.9976300001144409 0.0 0.06880559027194977
2.306676149368286 0.0 12.080402374267578 0.0 0.7845566272735596 0.0 0.6200571060180664 -0.5568976998329163 0.0 7.064280986785889 0.0 0.9272302985191345 0.0 0.3744916021823883 -5.822845458984375 0.0 5.451292991638184 0.0 0.9966560006141663 0.0 -0.08171044290065765
2.2035014629364014 0.0 12.105727195739746 0.0 0.7954077124595642 0.0 0.6060746312141418 -0.9242631196975708 0.0 7.306976795196533 0.0 0.941953182220459 0.0 0.3357442021369934 -6.089361190795898 0.0 6.655043125152588 0.0 0.977854311466217 0.0 -0.2092863768339157
2.081915855407715 0.0 12.141139030456543 0.0 0.808015763759613 0.0 0.5891607999801636 -1.256184458732605 0.0 7.5027546882629395 0.0 0.9501736760139465 0.0 0.3117210268974304 -6.141887664794922 0.0 7.556362152099609 0.0 0.9487935900688171 0.0 -0.31589633226394653
1.9560309648513794 0.0 12.184368133544922 0.0 0.8208760023117065 0.0 0.5711063146591187 -1.530044436454773 0.0 7.625782012939453 0.0 0.9523535966873169 0.0 0.304996132850647 -6.039675235748291 0.0 8.126764297485352 0.0 0.9154422879219055 0.0 -0.4024490416049957
1.8324130773544312 0.0 12.233342170715332 0.0 0.8333189487457275 0.0 0.5527923703193665 -1.7302961349487305 0.0 7.6584086418151855 0.0 0.9481781125068665 0.0 0.31773945689201355 -5.827498435974121 0.0 8.359878540039062 0.0 0.8832919001579285 0.0 -0.4688233435153961
1.7109200954437256 0.0 12.287797927856445 0.0 0.8453689813613892 0.0 0.5341826677322388 -1.842034935951233 0.0 7.5952630043029785 0.0 0.9361059069633484 0.0 0.3517184257507324 -5.534925937652588 0.0 8.270252227783203 0.0 0.8583692908287048 0.0 -0.5130323171615601
1.5895452499389648 0.0 12.348767280578613 0.0 0.8572334051132202 0.0 0.514927864074707 -1.840116262435913 0.0 7.449410915374756 0.0 0.9131762385368347 0.0 0.4075651168823242 -5.175763130187988 0.0 7.899628639221191 0.0 0.8480720520019531 0.0 -0.529880940914154
1.4817798137664795 0.0 12.409725189208984 0.0 0.8676612377166748 0.0 0.49715563654899597 -1.6735203266143799 0.0 7.25783109664917 0.0 0.8767176270484924 0.0 0.48100557923316956 -4.754464626312256 0.0 7.32966947555542 0.0 0.8604647517204285 0.0 -0.5095100402832031
1.4470785856246948 0.0 12.433095932006836 0.0 0.8710941672325134 0.0 0.4911157786846161 -1.279050350189209 0.0 7.056576251983643 0.0 0.8317840099334717 0.0 0.5550995469093323 -4.295263290405273 0.0 6.657654762268066 0.0 0.8967412114143372 0.0 -0.44255536794662476
1.5432292222976685 0.0 12.375243186950684 0.0 0.8617587089538574 0.0 0.5073181986808777 -0.6886422634124756 0.0 6.823832988739014 0.0 0.7922133803367615 0.0 0.6102443337440491 -3.8388850688934326 0.0 5.856550693511963 0.0 0.9417899250984192 0.0 -0.33620205521583557
1.7503070831298828 0.0 12.262504577636719 0.0 0.8411707878112793 0.0 0.5407693982124329 0.004217326641082764 0.0 6.553293704986572 0.0 0.763052225112915 0.0 0.6463369131088257 -3.35514235496521 0.0 4.820005416870117 0.0 0.9799755811691284 0.0 -0.1991180032491684
2.022568702697754 0.0 12.148438453674316 0.0 0.8136196136474609 0.0 0.5813974142074585 0.7342259287834167 0.0 6.307296276092529 0.0 0.742752730846405 0.0 0.6695659160614014 -2.750446319580078 0.0 3.517340660095215 0.0 0.9996960759162903 0.0 -0.02465529553592205
2.305530071258545 0.0 12.066798210144043 0.0 0.7842483520507812 0.0 0.6204469203948975 1.3957812786102295 0.0 6.13981294631958 0.0 0.7320221662521362 0.0 0.6812809705734253 -1.8795974254608154 0.0 2.002319097518921 0.0 0.9818395376205444 0.0 0.1897135227918625
2.5732359886169434 0.0 12.018186569213867 0.0 0.7554590106010437 0.0 0.6551958322525024 1.8762593269348145 0.0 6.04805850982666 0.0 0.7382609844207764 0.0 0.6745153665542603 -0.6007413864135742 0.0 0.5041191577911377 0.0 0.9008255004882812 0.0 0.43418145179748535
2.8634870052337646 0.0 11.989068031311035 0.0 0.7228391170501709 0.0 0.6910163164138794 2.158781051635742 0.0 6.0172600746154785 0.0 0.7709677815437317 0.0 0.6368743181228638 1.1183561086654663 0.0 -0.4026294946670532 0.0 0.7339285016059875 0.0 0.679226815700531
3.007284164428711 0.0 11.996339797973633 0.0 0.7062410116195679 0.0 0.7079713940620422 2.6161510944366455 0.0 6.014415740966797 0.0 0.752498209476471 0.0 0.6585944890975952 2.9628820419311523 0.0 -0.03074967861175537 0.0 0.6137219667434692 0.0 0.7895223498344421
3.3173422813415527 0.0 12.000792503356934 0.0 0.6687354445457458 0.0 0.7435003519058228 3.3823232650756836 0.0 6.008621692657471 0.0 0.7362014651298523 0.0 0.6767626404762268 4.499281883239746 0.0 0.2685701251029968 0.0 0.5248558521270752 0.0 0.8511912226676941
3.780303716659546 0.0 12.065988540649414 0.0 0.6090121269226074 0.0 0.7931607961654663 4.344500541687012 0.0 6.139554977416992 0.0 0.7321305871009827 0.0 0.6811644434928894 5.764605522155762 0.0 0.6118863821029663 0.0 0.4782212972640991 0.0 0.8782394528388977
4.318727016448975 0.0 12.247152328491211 0.0 0.5319890379905701 0.0 0.8467512130737305 5.393802642822266 0.0 6.504087924957275 0.0 0.7352597117424011 0.0 0.6777856349945068 6.766225814819336 0.0 0.9863207340240479 0.0 0.4802682101726532 0.0 0.8771217465400696
4.810786724090576 0.0 12.542339324951172 0.0 0.45004111528396606 0.0 0.8930078744888306 6.410418510437012 0.0 7.091944217681885 0.0 0.731566846370697 0.0 0.681769847869873 7.528765678405762 0.0 1.388466238975525 0.0 0.5291914939880371 0.0 0.8485024571418762
5.191139221191406 0.0 12.889424324035645 0.0 0.3732885718345642 0.0 0.9277153015136719 7.328862190246582 0.0 7.775164604187012 0.0 0.7133484482765198 0.0 0.7008097171783447 8.073467254638672 0.0 1.821785807609558 0.0 0.608741044998169 0.0 0.7933689951896667
5.438175201416016 0.0 13.207767486572266 0.0 0.31129884719848633 0.0 0.9503121376037598 8.11654281616211 0.0 8.410805702209473 0.0 0.6782355904579163 0.0 0.7348446846008301 8.433250427246094 0.0 2.3207082748413086 0.0 0.6999108791351318 0.0 0.7142301797866821
5.5631279945373535 0.0 13.421989440917969 0.0 0.27235177159309387 0.0 0.9621977806091309 8.743047714233398 0.0 8.883834838867188 0.0 0.630622148513794 0.0 0.7760900855064392 8.671550750732422 0.0 2.909132242202759 0.0 0.7834129333496094 0.0 0.6215015649795532
5.599884986877441 0.0 13.500710487365723 0.0 0.25857195258140564 0.0 0.9659920334815979 9.203011512756348 0.0 9.146295547485352 0.0 0.5778252482414246 0.0 0.8161606192588806 8.864112854003906 0.0 3.523925304412842 0.0 0.8484510183334351 0.0 0.5292738676071167
5.560944557189941 0.0 13.435609817504883 0.0 0.27076512575149536 0.0 0.9626455307006836 9.527861595153809 0.0 9.185791015625 0.0 0.5173428058624268 0.0 0.8557783365249634 9.069972038269043 0.0 4.072654724121094 0.0 0.8975242972373962 0.0 0.4409649670124054
5.417420387268066 0.0 13.202345848083496 0.0 0.31440070271492004 0.0 0.9492904543876648 9.701458930969238 0.0 8.99626636505127 0.0 0.4392896592617035 0.0 0.8983455300331116 9.33488655090332 0.0 4.521921157836914 0.0 0.9314306378364563 0.0 0.36391890048980713
5.103011131286621 0.0 12.801424980163574 0.0 0.3936746120452881 0.0 0.919249951839447 9.605637550354004 0.0 8.668777465820312 0.0 0.3307568430900574 0.0 0.9437161087989807 9.645408630371094 0.0 4.868315696716309 0.0 0.9445705413818359 0.0 0.3283085227012634
4.651111602783203 0.0 12.430216789245605 0.0 0.48035305738449097 0.0 0.8770753145217896 9.093926429748535 0.0 8.54825496673584 0.0 0.2158016562461853 0.0 0.9764373302459717 9.777241706848145 0.0 5.06546688079834 0.0 0.9209222197532654 0.0 0.38974639773368835
4.239086627960205 0.0 12.231548309326172 0.0 0.5442746877670288 0.0 0.8389071822166443 8.370253562927246 0.0 8.567842483520508 0.0 0.14912936091423035 0.0 0.9888178110122681 9.730194091796875 0.0 4.979374408721924 0.0 0.8630353808403015 0.0 0.5051434636116028
3.789782762527466 0.0 12.067275047302246 0.0 0.6087755560874939 0.0 0.7933427095413208 7.502496242523193 0.0 8.432401657104492 0.0 0.11756127327680588 0.0 0.9930657148361206 9.711118698120117 0.0 4.690695285797119 0.0 0.781453549861908 0.0 0.6239633560180664
3.286569595336914 0.0 11.97097396850586 0.0 0.6735684871673584 0.0 0.7391250729560852 6.479421615600586 0.0 8.19651985168457 0.0 0.12520939111709595 0.0 0.9921303987503052 9.69351863861084 0.0 4.304924488067627 0.0 0.6675401329994202 0.0 0.7445737719535828
2.7684149742126465 0.0 11.965509414672852 0.0 0.7340699434280396 0.0 0.6790741682052612 5.367117881774902 0.0 7.890740871429443 0.0 0.17537416517734528 0.0 0.9845018982887268 9.592209815979004 0.0 3.9851861000061035 0.0 0.524186909198761 0.0 0.8516032099723816
2.352980136871338 0.0 12.04133415222168 0.0 0.7792596817016602 0.0 0.6267014145851135 4.3524017333984375 0.0 7.587364196777344 0.0 0.2550169825553894 0.0 0.9669366478919983 9.210433006286621 0.0 3.8476827144622803 0.0 0.38127487897872925 0.0 0.9244616627693176
2.089175224304199 0.0 12.128532409667969 0.0 0.8070294260978699 0.0 0.5905114412307739 3.581698417663574 0.0 7.413382053375244 0.0 0.32180503010749817 0.0 0.9468060731887817 8.462549209594727 0.0 3.806720733642578 0.0 0.3036212921142578 0.0 0.952792763710022
1.8468248844146729 0.0 12.218546867370605 0.0 0.8316183686256409 0.0 0.5553478002548218 2.947427988052368 0.0 7.446496486663818 0.0 0.35394740104675293 0.0 0.9352654218673706 7.58162260055542 0.0 3.626467704772949 0.0 0.32180771231651306 0.0 0.9468050003051758
1.609474539756775 0.0 12.328948974609375 0.0 0.8549736142158508 0.0 0.5186718106269836 2.4398491382598877 0.0 7.640641689300537 0.0 0.3603965938091278 0.0 0.9327992796897888 6.6353912353515625 0.0 3.269599437713623 0.0 0.4242488741874695 0.0 0.9055455327033997
1.4587740898132324 0.0 12.420211791992188 0.0 0.8697488307952881 0.0 0.4934949576854706 2.1911704540252686 0.0 7.881637096405029 0.0 0.3481258451938629 0.0 0.9374479651451111 5.516716480255127 0.0 2.8946340084075928 0.0 0.5862699151039124 0.0 0.81011563539505
1.4549914598464966 0.0 12.428423881530762 0.0 0.8703453540802002 0.0 0.49244222044944763 2.206394910812378 0.0 7.926095485687256 0.0 0.3424798548221588 0.0 0.939525306224823 4.209595203399658 0.0 2.7406086921691895 0.0 0.746259331703186 0.0 0.6656550765037537
1.5496808290481567 0.0 12.37154483795166 0.0 0.8611325621604919 0.0 0.5083808302879333 2.2980756759643555 0.0 7.696474075317383 0.0 0.3661000430583954 0.0 0.9305756688117981 2.923163890838623 0.0 2.8105006217956543 0.0 0.8669926524162292 0.0 0.4983205497264862
1.6931320428848267 0.0 12.294716835021973 0.0 0.8470350503921509 0.0 0.5315374732017517 2.3442721366882324 0.0 7.289859771728516 0.0 0.4195835590362549 0.0 0.9077168703079224 1.8184927701950073 0.0 2.965270757675171 0.0 0.9447892904281616 0.0 0.32767805457115173
1.871469259262085 0.0 12.213470458984375 0.0 0.8292447924613953 0.0 0.5588859915733337 2.3062376976013184 0.0 6.818206310272217 0.0 0.4935950040817261 0.0 0.8696920871734619 0.9422597289085388 0.0 3.076763153076172 0.0 0.9838423132896423 0.0 0.17903634905815125
2.0880444049835205 0.0 12.132665634155273 0.0 0.8071389198303223 0.0 0.5903619527816772 2.228464126586914 0.0 6.399550437927246 0.0 0.5732991695404053 0.0 0.8193463683128357 0.25388163328170776 0.0 3.0594570636749268 0.0 0.9970930814743042 0.0 0.07619085162878036
2.3310275077819824 0.0 12.064725875854492 0.0 0.7816712856292725 0.0 0.6236910223960876 2.180328130722046 0.0 6.1251630783081055 0.0 0.644944429397583 0.0 0.7642297148704529 -0.30237048864364624 0.0 2.897958993911743 0.0 0.9993156790733337 0.0 0.03698345646262169
2.5410141944885254 0.0 12.027721405029297 0.0 0.7591106295585632 0.0 0.6509620547294617 2.1713175773620605 0.0 6.0273637771606445 0.0 0.6969348788261414 0.0 0.7171347141265869 -0.718319296836853 0.0 2.6039304733276367 0.0 0.9978222250938416 0.0 0.06595760583877563
2.6488492488861084 0.0 12.018678665161133 0.0 0.7473154664039612 0.0 0.6644697785377502 2.1410205364227295 0.0 6.03165340423584 0.0 0.7253385186195374 0.0 0.6883926391601562 -0.9283170104026794 0.0 2.1698787212371826 0.0 0.9897149205207825 0.0 0.143052339553833
2.641996145248413 0.0 12.021428108215332 0.0 0.7481094002723694 0.0 0.6635758280754089 2.048671007156372 0.0 6.051062107086182 0.0 0.7343092560768127 0.0 0.6788153052330017 -0.889415442943573 0.0 1.6189161539077759 0.0 0.9698392748832703 0.0 0.24374449253082275
2.5367558002471924 0.0 12.034083366394043 0.0 0.7597150802612305 0.0 0.6502565741539001 1.896132230758667 0.0 6.072853088378906 0.0 0.7277066111564636 0.0 0.6858888268470764 -0.5899595022201538 0.0 1.0351433753967285 0.0 0.9343889951705933 0.0 0.3562539517879486
2.37066650390625 0.0 12.061924934387207 0.0 0.777658998966217 0.0 0.628686785697937 1.713972806930542 0.0 6.120213031768799 0.0 0.710305392742157 0.0 0.7038938403129578 -0.04110729694366455 0.0 0.5468307733535767 0.0 0.8813309073448181 0.0 0.47249919176101685
2.207871437072754 0.0 12.101639747619629 0.0 0.7948870658874512 0.0 0.6067578196525574 1.574866533279419 0.0 6.2017083168029785 0.0 0.6881062388420105 0.0 0.725610077381134 0.6996570229530334 0.0 0.2854674458503723 0.0 0.815373420715332 0.0 0.5789350867271423
2.0966076850891113 0.0 12.13689136505127 0.0 0.8065125942230225 0.0 0.5912173390388489 1.5799789428710938 0.0 6.2900872230529785 0.0 0.6600393056869507 0.0 0.7512311935424805 1.5261003971099854 0.0 0.2826257348060608 0.0 0.7555996775627136 0.0 0.6550334095954895
2.037060260772705 0.0 12.158041000366211 0.0 0.8126847147941589 0.0 0.5827040076255798 1.7894219160079956 0.0 6.383752346038818 0.0 0.6174858212471008 0.0 0.7865821719169617 2.353083610534668 0.0 0.442505419254303 0.0 0.7245937585830688 0.0 0.6891760230064392
2.0300307273864746 0.0 12.16112232208252 0.0 0.8134257197380066 0.0 0.5816691517829895 2.2025704383850098 0.0 6.513180255889893 0.0 0.5577935576438904 0.0 0.8299798369407654 3.1557531356811523 0.0 0.7098405361175537 0.0 0.7290759682655334 0.0 0.6844326257705688
2.099163293838501 0.0 12.13751220703125 0.0 0.8062834739685059 0.0 0.5915296077728271 2.7851157188415527 0.0 6.68232536315918 0.0 0.4882451593875885 0.0 0.8727065920829773 3.932762622833252 0.0 1.1114023923873901 0.0 0.7569887638092041 0.0 0.6534276604652405
2.250849962234497 0.0 12.090709686279297 0.0 0.7903546094894409 0.0 0.6126499176025391 3.4716219902038574 0.0 6.870582103729248 0.0 0.4185105264186859 0.0 0.9082120656967163 4.698727130889893 0.0 1.6368969678878784 0.0 0.7895119190216064 0.0 0.613735020160675
2.4647796154022217 0.0 12.039965629577637 0.0 0.7673990726470947 0.0 0.6411699652671814 4.195951461791992 0.0 7.070531845092773 0.0 0.3543693721294403 0.0 0.9351056218147278 5.473942756652832 0.0 2.217054843902588 0.0 0.815004825592041 0.0 0.5794539451599121
2.7153940200805664 0.0 12.002846717834473 0.0 0.7397081255912781 0.0 0.6729280352592468 4.911219596862793 0.0 7.281740188598633 0.0 0.2987852096557617 0.0 0.9543204307556152 6.26641321182251 0.0 2.7728710174560547 0.0 0.8290537595748901 0.0 0.5591687560081482
2.9798851013183594 0.0 11.9884672164917 0.0 0.7093847393989563 0.0 0.7048217058181763 5.585673809051514 0.0 7.498802185058594 0.0 0.25341469049453735 0.0 0.9673577547073364 7.073143005371094 0.0 3.245025634765625 0.0 0.8305037021636963 0.0 0.5570129752159119
3.236677646636963 0.0 11.998409271240234 0.0 0.6786708235740662 0.0 0.7344427704811096 6.192574977874756 0.0 7.711787700653076 0.0 0.21888689696788788 0.0 0.9757503271102905 7.888847351074219 0.0 3.6037890911102295 0.0 0.8187384009361267 0.0 0.5741666555404663
3.4636387825012207 0.0 12.02729320526123 0.0 0.6502900719642639 0.0 0.7596861720085144 6.703708171844482 0.0 7.908367156982422 0.0 0.19449445605278015 0.0 0.980903685092926 8.709466934204102 0.0 3.8505303859710693 0.0 0.7923540472984314 0.0 0.6100614666938782
3.639941453933716 0.0 12.063566207885742 0.0 0.6272947788238525 0.0 0.778782069683075 7.09048318862915 0.0 8.073458671569824 0.0 0.17837251722812653 0.0 0.9839630722999573 9.527518272399902 0.0 4.015453338623047 0.0 0.7491912841796875 0.0 0.6623536348342896
3.751027822494507 0.0 12.093265533447266 0.0 0.6122999787330627 0.0 0.7906256914138794 7.332406044006348 0.0 8.190143585205078 0.0 0.16843591630458832 0.0 0.9857126474380493 10.321091651916504 0.0 4.151407241821289 0.0 0.6878313422203064 0.0 0.7258705496788025
3.794163942337036 0.0 12.106673240661621 0.0 0.6063448190689087 0.0 0.7952020168304443 7.4289116859436035 0.0 8.247870445251465 0.0 0.16308648884296417 0.0 0.9866118431091309 11.041559219360352 0.0 4.3196258544921875 0.0 0.6103960871696472 0.0 0.7920963764190674
3.7798452377319336 0.0 12.103094100952148 0.0 0.6082989573478699 0.0 0.793708086013794 7.405706882476807 0.0 8.257242202758789 0.0 0.1602248102426529 0.0 0.9870805740356445 11.612911224365234 0.0 4.564589500427246 0.0 0.525852620601654 0.0 0.8505757451057434
3.7234692573547363 0.0 12.087955474853516 0.0 0.6159918308258057 0.0 0.787752628326416 7.303436756134033 0.0 8.258562088012695 0.0 0.1547459214925766 0.0 0.987954318523407 11.959193229675293 0.0 4.886576175689697 0.0 0.451383113861084 0.0 0.8923302888870239
3.6315081119537354 0.0 12.065693855285645 0.0 0.6283360719680786 0.0 0.7779421210289001 7.1489105224609375 0.0 8.30617904663086 0.0 0.13880157470703125 0.0 0.9903202056884766 12.049734115600586 0.0 5.238890647888184 0.0 0.4070265293121338 0.0 0.9134164452552795
3.505140781402588 0.0 12.040024757385254 0.0 0.6449036002159119 0.0 0.7642640471458435 6.945348262786865 0.0 8.432482719421387 0.0 0.1083245575428009 0.0 0.9941155910491943 11.901959419250488 0.0 5.568205833435059 0.0 0.4038369953632355 0.0 0.9148311018943787
3.35785174369812 0.0 12.017701148986816 0.0 0.6636653542518616 0.0 0.7480297088623047 6.697542190551758 0.0 8.626157760620117 0.0 0.06805635243654251 0.0 0.9976814985275269 11.537805557250977 0.0 5.851544380187988 0.0 0.4372064769268036 0.0 0.8993613123893738
3.2063353061676025 0.0 12.003244400024414 0.0 0.6824050545692444 0.0 0.7309743762016296 6.4177117347717285 0.0 8.838624000549316 0.0 0.027811164036393166 0.0 0.9996132254600525 10.98352336883545 0.0 6.081899642944336 0.0 0.4920521080493927 0.0 0.8705658912658691
3.052703857421875 0.0 11.996532440185547 0.0 0.7008923292160034 0.0 0.7132672667503357 6.111190319061279 0.0 9.013433456420898 0.0 -0.0034288596361875534 0.0 0.999994158744812 10.290375709533691 0.0 6.238519191741943 0.0 0.5540196299552917 0.0 0.8325037360191345
2.89025616645813 0.0 11.997618675231934 0.0 0.7199239730834961 0.0 0.6940531134605408 5.779797554016113 0.0 9.1097993850708 0.0 -0.019092896953225136 0.0 0.9998177289962769 9.518798828125 0.0 6.28177547454834 0.0 0.6153482794761658 0.0 0.7882555723190308
2.7156178951263428 0.0 12.008399963378906 0.0 0.7398309111595154 0.0 0.6727930307388306 5.430125713348389 0.0 9.10315227508545 0.0 -0.01439277920871973 0.0 0.9998964667320251 8.714841842651367 0.0 6.168554782867432 0.0 0.6734074950218201 0.0 0.7392716407775879
2.533982992172241 0.0 12.030786514282227 0.0 0.759975790977478 0.0 0.6499515771865845 5.071549415588379 0.0 8.980318069458008 0.0 0.013551683165133 0.0 0.9999082088470459 7.9036946296691895 0.0 5.869969367980957 0.0 0.7271982431411743 0.0 0.686427652835846
2.3596458435058594 0.0 12.06379222869873 0.0 0.778828501701355 0.0 0.6272371411323547 4.709873199462891 0.0 8.739501953125 0.0 0.0646556094288826 0.0 0.9979076981544495 7.095587730407715 0.0 5.381343364715576 0.0 0.7747663259506226 0.0 0.6322478652000427
2.212348461151123 0.0 12.101272583007812 0.0 0.7944361567497253 0.0 0.6073479056358337 4.344851016998291 0.0 8.394577026367188 0.0 0.13501960039138794 0.0 0.9908430576324463 6.295693397521973 0.0 4.7228102684021 0.0 0.8127783536911011 0.0 0.5825732350349426
2.109229564666748 0.0 12.133269309997559 0.0 0.8052166104316711 0.0 0.5929811000823975 3.974234104156494 0.0 7.978246688842773 0.0 0.21767112612724304 0.0 0.9760223627090454 5.512800216674805 0.0 3.9349427223205566 0.0 0.8379576802253723 0.0 0.5457354187965393
2.057387113571167 0.0 12.151405334472656 0.0 0.8106030225753784 0.0 0.5855963826179504 3.5998878479003906 0.0 7.536806106567383 0.0 0.30494561791419983 0.0 0.9523699879646301 4.763733386993408 0.0 3.07483172416687 0.0 0.8485574126243591 0.0 0.5291035175323486
2.053985834121704 0.0 12.153059005737305 0.0 0.8109681606292725 0.0 0.5850906372070312 3.2307748794555664 0.0 7.116183757781982 0.0 0.39078688621520996 0.0 0.9204813838005066 4.070957660675049 0.0 2.213935375213623 0.0 0.8448366522789001 0.0 0.5350245237350464
2.093642473220825 0.0 12.139883041381836 0.0 0.8068735003471375 0.0 0.5907245874404907 2.8850419521331787 0.0 6.748867988586426 0.0 0.471420019865036 0.0 0.8819090127944946 3.452512741088867 0.0 1.4339430332183838 0.0 0.8294925689697266 0.0 0.5585178732872009
2.1748716831207275 0.0 12.114447593688965 0.0 0.7984126806259155 0.0 0.6021109223365784 2.593677520751953 0.0 6.452025890350342 0.0 0.5443517565727234 0.0 0.8388572931289673 2.9100658893585205 0.0 0.8139289021492004 0.0 0.8087829351425171 0.0 0.5881074070930481
2.2964909076690674 0.0 12.080927848815918 0.0 0.7855802178382874 0.0 0.6187600493431091 2.3970181941986084 0.0 6.235581874847412 0.0 0.6067048907279968 0.0 0.7949273586273193 2.42810320854187 0.0 0.4062035083770752 0.0 0.7928550839424133 0.0 0.6094103455543518
2.4459002017974854 0.0 12.047649383544922 0.0 0.7695510387420654 0.0 0.63858562707901 2.325969934463501 0.0 6.1038594245910645 0.0 0.6545928120613098 0.0 0.7559818029403687 1.989750862121582 0.0 0.2130228877067566 0.0 0.7927157282829285 0.0 0.6095916628837585
2.5978732109069824 0.0 12.023096084594727 0.0 0.7529351115226746 0.0 0.6580950021743774 2.3824944496154785 0.0 6.042018890380859 0.0 0.6848860383033752 0.0 0.7286503314971924 1.5936558246612549 0.0 0.19296863675117493 0.0 0.8137861490249634 0.0 0.5811645984649658
2.7285947799682617 0.0 12.009424209594727 0.0 0.7383614778518677 0.0 0.6744054555892944 2.5383238792419434 0.0 6.018117427825928 0.0 0.697490394115448 0.0 0.7165942788124084 1.2603847980499268 0.0 0.31200575828552246 0.0 0.8513633608818054 0.0 0.5245766639709473
2.815176486968994 0.0 12.004449844360352 0.0 0.7285517454147339 0.0 0.6849911212921143 2.7397587299346924 0.0 6.010757923126221 0.0 0.6940939426422119 0.0 0.7198845744132996 1.036285638809204 0.0 0.5665447115898132 0.0 0.8935321569442749 0.0 0.4489995837211609
2.831977605819702 0.0 12.004659652709961 0.0 0.7266386151313782 0.0 0.6870201826095581 2.9246785640716553 0.0 6.016837120056152 0.0 0.6757073402404785 0.0 0.7371701598167419 0.9753437638282776 0.0 0.9293137788772583 0.0 0.9292288422584534 0.0 0.36950522661209106
2.763667106628418 0.0 12.008539199829102 0.0 0.7344256043434143 0.0 0.6786894798278809 3.0535693168640137 0.0 6.051573276519775 0.0 0.6422805190086365 0.0 0.7664698958396912 1.106042742729187 0.0 1.3360646963119507 0.0 0.9531319737434387 0.0 0.3025553822517395
2.6229965686798096 0.0 12.02043628692627 0.0 0.7501879930496216 0.0 0.661224901676178 3.123342990875244 0.0 6.149775505065918 0.0 0.5954300165176392 0.0 0.8034074306488037 1.4145314693450928 0.0 1.7202110290527344 0.0 0.964237630367279 0.0 0.2650398313999176
2.4554169178009033 0.0 12.044991493225098 0.0 0.7685372829437256 0.0 0.6398053765296936 3.163393974304199 0.0 6.335227966308594 0.0 0.5410142540931702 0.0 0.8410136699676514 1.8491525650024414 0.0 2.0273942947387695 0.0 0.9632174968719482 0.0 0.2687234580516815
2.306774854660034 0.0 12.07724380493164 0.0 0.7844815254211426 0.0 0.6201525330543518 3.200582981109619 0.0 6.580855846405029 0.0 0.4871155023574829 0.0 0.8733378052711487 2.3639330863952637 0.0 2.2177793979644775 0.0 0.9498251676559448 0.0 0.3127816915512085
2.192917823791504 0.0 12.108201026916504 0.0 0.7965050339698792 0.0 0.6046322584152222 3.2331244945526123 0.0 6.831246852874756 0.0 0.4400940537452698 0.0 0.8979519009590149 2.9522831439971924 0.0 2.2779276371002197 0.0 0.9218272566795349 0.0 0.3876013159751892
2.110276222229004 0.0 12.133667945861816 0.0 0.8051273822784424 0.0 0.5931023359298706 3.2485125064849854 0.0 7.043551921844482 0.0 0.4037628769874573 0.0 0.9148638844490051 3.6288630962371826 0.0 2.2344894409179688 0.0 0.8760389089584351 0.0 0.48224061727523804
2.0550825595855713 0.0 12.152103424072266 0.0 0.8108380436897278 0.0 0.5852710604667664 3.2473113536834717 0.0 7.193051815032959 0.0 0.3798339366912842 0.0 0.9250549077987671 4.398681640625 0.0 2.155334949493408 0.0 0.8107933402061462 0.0 0.5853326916694641
2.0341389179229736 0.0 12.159645080566406 0.0 0.8130024671554565 0.0 0.5822607278823853 3.2601962089538574 0.0 7.269359588623047 0.0 0.36717090010643005 0.0 0.9301537275314331 5.231217384338379 0.0 2.1320199966430664 0.0 0.7301077842712402 0.0 0.6833321452140808
2.062615156173706 0.0 12.150049209594727 0.0 0.8100761771202087 0.0 0.5863251686096191 3.3496522903442383 0.0 7.286559581756592 0.0 0.35959959030151367 0.0 0.9331069588661194 6.054443836212158 0.0 2.2346131801605225 0.0 0.6481197476387024 0.0 0.761538565158844
2.1462037563323975 0.0 12.12271499633789 0.0 0.8013955950737 0.0 0.5981351733207703 3.5747294425964355 0.0 7.296445369720459 0.0 0.346077561378479 0.0 0.938206136226654 6.7941460609436035 0.0 2.4601433277130127 0.0 0.5874285697937012 0.0 0.8092761635780334
2.273200511932373 0.0 12.08637523651123 0.0 0.7880373597145081 0.0 0.6156278848648071 3.945094585418701 0.0 7.361971378326416 0.0 0.31767767667770386 0.0 0.9481989741325378 7.422032833099365 0.0 2.7472949028015137 0.0 0.5661398768424988 0.0 0.8243092894554138
2.4384219646453857 0.0 12.0481595993042 0.0 0.7703366279602051 0.0 0.6376379132270813 4.432816505432129 0.0 7.5029377937316895 0.0 0.2750140130519867 0.0 0.96144038438797 7.93515682220459 0.0 3.059300422668457 0.0 0.5852002501487732 0.0 0.810888946056366
2.6482834815979004 0.0 12.013115882873535 0.0 0.7472715973854065 0.0 0.664519190788269 4.998586177825928 0.0 7.689849376678467 0.0 0.22748763859272003 0.0 0.973781168460846 8.330426216125488 0.0 3.4015541076660156 0.0 0.6291966438293457 0.0 0.7772462964057922
2.892505168914795 0.0 11.991958618164062 0.0 0.7195603251457214 0.0 0.6944303512573242 5.5877532958984375 0.0 7.883925437927246 0.0 0.1858101189136505 0.0 0.9825859069824219 8.627429962158203 0.0 3.7671451568603516 0.0 0.6791399121284485 0.0 0.7340090274810791
3.141063690185547 0.0 11.993087768554688 0.0 0.6902726292610168 0.0 0.7235497236251831 6.142369747161865 0.0 8.062543869018555 0.0 0.15550260245800018 0.0 0.9878356456756592 8.864212036132812 0.0 4.119090557098389 0.0 0.723330020904541 0.0 0.6905027031898499
3.36494517326355 0.0 12.013861656188965 0.0 0.6627793908119202 0.0 0.7488150000572205 6.618838787078857 0.0 8.21147632598877 0.0 0.13723905384540558 0.0 0.9905381798744202 9.071601867675781 0.0 4.412257671356201 0.0 0.7566394209861755 0.0 0.6538326740264893
3.5452420711517334 0.0 12.044339179992676 0.0 0.6397321820259094 0.0 0.7685981392860413 6.990591049194336 0.0 8.319442749023438 0.0 0.12927323579788208 0.0 0.9916092157363892 9.265603065490723 0.0 4.609771728515625 0.0 0.7771825194358826 0.0 0.6292755007743835
3.6708920001983643 0.0 12.073151588439941 0.0 0.6231169700622559 0.0 0.7821288108825684 7.241877555847168 0.0 8.378531455993652 0.0 0.12904079258441925 0.0 0.9916394948959351 9.451601028442383 0.0 4.690487861633301 0.0 0.7842413783073425 0.0 0.6204562187194824
3.7343313694000244 0.0 12.090519905090332 0.0 0.6145235896110535 0.0 0.7888985872268677 7.361068248748779 0.0 8.384230613708496 0.0 0.13400371372699738 0.0 0.9909810423851013 9.629779815673828 0.0 4.652172088623047 0.0 0.777123212814331 0.0 0.6293489336967468
3.7294936180114746 0.0 12.090039253234863 0.0 0.6151570081710815 0.0 0.7884048223495483 7.337963581085205 0.0 8.335086822509766 0.0 0.14226019382476807 0.0 0.9898294806480408 9.797001838684082 0.0 4.5123467445373535 0.0 0.7548293471336365 0.0 0.6559216380119324
3.6533403396606445 0.0 12.070953369140625 0.0 0.6254202127456665 0.0 0.7802883386611938 7.166626930236816 0.0 8.233558654785156 0.0 0.15316320955753326 0.0 0.9882010817527771 9.943401336669922 0.0 4.307292938232422 0.0 0.716614842414856 0.0 0.6974695324897766
3.510376453399658 0.0 12.040116310119629 0.0 0.6442495584487915 0.0 0.764815628528595 6.853661060333252 0.0 8.089165687561035 0.0 0.16747771203517914 0.0 0.9858760833740234 10.044859886169434 0.0 4.08729362487793 0.0 0.663628101348877 0.0 0.7480630874633789
3.3171567916870117 0.0 12.010421752929688 0.0 0.6688036322593689 0.0 0.7434393763542175 6.428588390350342 0.0 7.923165321350098 0.0 0.18607376515865326 0.0 0.9825360178947449 10.05756950378418 0.0 3.9041526317596436 0.0 0.6016523838043213 0.0 0.7987585067749023
3.099930763244629 0.0 11.993785858154297 0.0 0.6953072547912598 0.0 0.7187129855155945 5.9453582763671875 0.0 7.771585941314697 0.0 0.20697374641895294 0.0 0.9783467650413513 9.927003860473633 0.0 3.7893404960632324 0.0 0.5436749458312988 0.0 0.8392963409423828
2.880664825439453 0.0 11.994402885437012 0.0 0.7210419178009033 0.0 0.6928918957710266 5.4625701904296875 0.0 7.679631233215332 0.0 0.2237454354763031 0.0 0.9746479392051697 9.618090629577637 0.0 3.7346694469451904 0.0 0.5083026885986328 0.0 0.8611789345741272
2.6673789024353027 0.0 12.010869026184082 0.0 0.7452229261398315 0.0 0.6668158769607544 5.0182600021362305 0.0 7.680020332336426 0.0 0.2297484576702118 0.0 0.9732503294944763 9.137120246887207 0.0 3.7039077281951904 0.0 0.5106643438339233 0.0 0.8597806692123413
2.4689130783081055 0.0 12.040603637695312 0.0 0.7670510411262512 0.0 0.6415866017341614 4.634511947631836 0.0 7.7663679122924805 0.0 0.22488945722579956 0.0 0.974384605884552 8.50771713256836 0.0 3.6761553287506104 0.0 0.5522667169570923 0.0 0.8336679935455322
2.302940845489502 0.0 12.077183723449707 0.0 0.7848703265190125 0.0 0.6196606755256653 4.325805187225342 0.0 7.8875274658203125 0.0 0.2162204384803772 0.0 0.976344883441925 7.751884937286377 0.0 3.6617820262908936 0.0 0.6202321648597717 0.0 0.7844188809394836
2.1778697967529297 0.0 12.111939430236816 0.0 0.7980650663375854 0.0 0.602571964263916 4.0840888023376465 0.0 7.976253509521484 0.0 0.21280699968338013 0.0 0.9770945906639099 6.910555839538574 0.0 3.6687660217285156 0.0 0.6966664791107178 0.0 0.7173958420753479
2.0876941680908203 0.0 12.140519142150879 0.0 0.8074536323547363 0.0 0.5899317264556885 3.882519006729126 0.0 7.987185001373291 0.0 0.22108231484889984 0.0 0.9752554893493652 6.042552947998047 0.0 3.6759960651397705 0.0 0.7685843706130981 0.0 0.6397492289543152
2.0248279571533203 0.0 12.162137985229492 0.0 0.8139357566833496 0.0 0.5809556841850281 3.6957828998565674 0.0 7.903785705566406 0.0 0.2438664734363556 0.0 0.9698091745376587 5.199102878570557 0.0 3.6435110569000244 0.0 0.8294129371643066 0.0 0.5586369037628174
1.9872726202011108 0.0 12.175820350646973 0.0 0.8177861571311951 0.0 0.5755229592323303 3.5089147090911865 0.0 7.729939937591553 0.0 0.28086018562316895 0.0 0.9597490429878235 4.4124755859375 0.0 3.532311201095581 0.0 0.8765125870704651 0.0 0.48137998580932617
1.977277398109436 0.0 12.1796875 0.0 0.8188122510910034 0.0 0.5740620493888855 3.3171586990356445 0.0 7.485666751861572 0.0 0.3291691839694977 0.0 0.9442712664604187 3.6996185779571533 0.0 3.3159167766571045 0.0 0.9093607068061829 0.0 0.41600972414016724
1.9964553117752075 0.0 12.17275333404541 0.0 0.816856324672699 0.0 0.5768417716026306 3.1234986782073975 0.0 7.204231262207031 0.0 0.38408732414245605 0.0 0.923297107219696 3.070460557937622 0.0 2.9850032329559326 0.0 0.9286103248596191 0.0 0.37105780839920044
2.040644884109497 0.0 12.15714168548584 0.0 0.8123257160186768 0.0 0.5832045674324036 2.9338154792785645 0.0 6.925774574279785 0.0 0.4402400553226471 0.0 0.8978804349899292 2.5369365215301514 0.0 2.549253463745117 0.0 0.9352312684059143 0.0 0.3540389835834503
2.0975899696350098 0.0 12.138312339782715 0.0 0.8064557909965515 0.0 0.5912948846817017 2.750147819519043 0.0 6.686356544494629 0.0 0.4928416311740875 0.0 0.8701193928718567 2.119843006134033 0.0 2.038532018661499 0.0 0.9295313954353333 0.0 0.36874449253082275
2.1510562896728516 0.0 12.122079849243164 0.0 0.800915539264679 0.0 0.5987778306007385 2.5689826011657715 0.0 6.50583028793335 0.0 0.5387421250343323 0.0 0.8424710631370544 1.846761703491211 0.0 1.5037643909454346 0.0 0.9110041856765747 0.0 0.4123985171318054
2.191272735595703 0.0 12.110759735107422 0.0 0.7967276573181152 0.0 0.6043389439582825 2.3921477794647217 0.0 6.383223056793213 0.0 0.5766728520393372 0.0 0.816975474357605 1.7363462448120117 0.0 1.0148574113845825 0.0 0.8800788521766663 0.0 0.4748287498950958
2.221820831298828 0.0 12.102510452270508 0.0 0.7935298681259155 0.0 0.6085317730903625 2.243300676345825 0.0 6.305380821228027 0.0 0.6059161424636841 0.0 0.7955288290977478 1.7790569067001343 0.0 0.6465908885002136 0.0 0.8412479162216187 0.0 0.5406506061553955
2.2519900798797607 0.0 12.09458065032959 0.0 0.7903556227684021 0.0 0.6126487851142883 2.169116973876953 0.0 6.260618686676025 0.0 0.6239191889762878 0.0 0.7814891934394836 1.934784173965454 0.0 0.44481953978538513 0.0 0.805229127407074 0.0 0.5929647088050842
2.282228946685791 0.0 12.086963653564453 0.0 0.7871609926223755 0.0 0.6167479753494263 2.2142539024353027 0.0 6.2451043128967285 0.0 0.625861406326294 0.0 0.7799345850944519 2.1560823917388916 0.0 0.39476338028907776 0.0 0.7859488129615784 0.0 0.6182923913002014
2.3078291416168213 0.0 12.080821990966797 0.0 0.7844474911689758 0.0 0.6201956868171692 2.3930935859680176 0.0 6.261178970336914 0.0 0.6087177991867065 0.0 0.7933870553970337 2.4173829555511475 0.0 0.45638731122016907 0.0 0.7908918261528015 0.0 0.611956775188446
2.3362481594085693 0.0 12.074202537536621 0.0 0.7814220786094666 0.0 0.6240032911300659 2.6873116493225098 0.0 6.3145222663879395 0.0 0.5756263136863708 0.0 0.8177131414413452 2.720324993133545 0.0 0.6360093951225281 0.0 0.8143746256828308 0.0 0.5803403258323669
2.3793928623199463 0.0 12.064559936523438 0.0 0.7768033146858215 0.0 0.6297438144683838 3.0535144805908203 0.0 6.406266212463379 0.0 0.5339811444282532 0.0 0.8454965949058533 3.0823330879211426 0.0 0.9467235207557678 0.0 0.8426572680473328 0.0 0.5384511351585388
2.434648036956787 0.0 12.053210258483887 0.0 0.7708490490913391 0.0 0.6370183229446411 3.4445207118988037 0.0 6.533674716949463 0.0 0.4886186420917511 0.0 0.8724976778030396 3.520758628845215 0.0 1.349001407623291 0.0 0.8654334545135498 0.0 0.5010247230529785
2.4951260089874268 0.0 12.042147636413574 0.0 0.7642821073532104 0.0 0.6448825001716614 3.829169273376465 0.0 6.692701816558838 0.0 0.44166526198387146 0.0 0.8971801400184631 4.038400650024414 0.0 1.7774869203567505 0.0 0.8782172203063965 0.0 0.47826284170150757
2.5595834255218506 0.0 12.031785011291504 0.0 0.7572214007377625 0.0 0.6531587243080139 4.192351818084717 0.0 6.8735032081604 0.0 0.39514514803886414 0.0 0.91861891746521 4.623822212219238 0.0 2.172447443008423 0.0 0.8795542120933533 0.0 0.475799560546875
2.6292285919189453 0.0 12.02216911315918 0.0 0.7495176792144775 0.0 0.6619848012924194 4.526119232177734 0.0 7.060133457183838 0.0 0.35159847140312195 0.0 0.9361510872840881 5.261988639831543 0.0 2.493128538131714 0.0 0.8689323663711548 0.0 0.4949316680431366
2.7022345066070557 0.0 12.013908386230469 0.0 0.7413574457168579 0.0 0.6711108684539795 4.822037220001221 0.0 7.235072135925293 0.0 0.3135679066181183 0.0 0.9495659470558167 5.942629337310791 0.0 2.72361159324646 0.0 0.8456801176071167 0.0 0.5336909294128418
2.772434949874878 0.0 12.007811546325684 0.0 0.7334272861480713 0.0 0.679768443107605 5.069761753082275 0.0 7.384021759033203 0.0 0.2828918695449829 0.0 0.9591519832611084 6.659332275390625 0.0 2.87483811378479 0.0 0.8088288903236389 0.0 0.5880447626113892
2.832787275314331 0.0 12.004051208496094 0.0 0.7265413999557495 0.0 0.68712317943573 5.261656284332275 0.0 7.498098850250244 0.0 0.26035600900650024 0.0 0.9655128717422485 7.400500297546387 0.0 2.9826037883758545 0.0 0.7579494714736938 0.0 0.6523139476776123
2.880577564239502 0.0 12.001995086669922 0.0 0.721041738986969 0.0 0.6928921341896057 5.400827884674072 0.0 7.575475692749023 0.0 0.24548017978668213 0.0 0.9694017767906189 8.137821197509766 0.0 3.0984432697296143 0.0 0.6950098276138306 0.0 0.7190008759498596
2.920001983642578 0.0 12.000804901123047 0.0 0.7164720296859741 0.0 0.6976163387298584 5.5066447257995605 0.0 7.625911235809326 0.0 0.23589454591274261 0.0 0.9717788100242615 8.821351051330566 0.0 3.2704787254333496 0.0 0.626716673374176 0.0 0.7792478203773499
2.9580163955688477 0.0 12.00005054473877 0.0 0.7120372653007507 0.0 0.7021421790122986 5.608403205871582 0.0 7.675552845001221 0.0 0.2266121506690979 0.0 0.9739852547645569 9.392073631286621 0.0 3.519148111343384 0.0 0.5653835535049438 0.0 0.8248286843299866
2.9961440563201904 0.0 11.99975872039795 0.0 0.7075613141059875 0.0 0.7066524624824524 5.72623872756958 0.0 7.760724067687988 0.0 0.21111474931240082 0.0 0.9774614572525024 9.809049606323242 0.0 3.8270416259765625 0.0 0.5254307389259338 0.0 0.8508368730545044
3.0309360027313232 0.0 11.999955177307129 0.0 0.7034520506858826 0.0 0.710743248462677 5.859701633453369 0.0 7.905765533447266 0.0 0.18529070913791656 0.0 0.9826838970184326 10.06163215637207 0.0 4.1596198081970215 0.0 0.5157924294471741 0.0 0.8567140698432922
3.06327223777771 0.0 12.00049114227295 0.0 0.6996111273765564 0.0 0.7145243287086487 5.997060298919678 0.0 8.104159355163574 0.0 0.1507743000984192 0.0 0.9885683059692383 10.154455184936523 0.0 4.494137287139893 0.0 0.5345484614372253 0.0 0.8451383113861084
3.0963714122772217 0.0 12.001362800598145 0.0 0.6956577301025391 0.0 0.7183739542961121 6.123157978057861 0.0 8.322355270385742 0.0 0.11375082284212112 0.0 0.9935094118118286 10.10123348236084 0.0 4.8185553550720215 0.0 0.5711082220077515 0.0 0.8208752274513245
3.12595272064209 0.0 12.002496719360352 0.0 0.6921051740646362 0.0 0.7217972278594971 6.219114303588867 0.0 8.520183563232422 0.0 0.0808427631855011 0.0 0.9967269897460938 9.931770324707031 0.0 5.112181663513184 0.0 0.6137092113494873 0.0 0.7895326018333435
3.141836404800415 0.0 12.003310203552246 0.0 0.6901896595954895 0.0 0.7236290574073792 6.267836570739746 0.0 8.666308403015137 0.0 0.056725192815065384 0.0 0.9983899593353271 9.6845064163208 0.0 5.340405464172363 0.0 0.6546074151992798 0.0 0.7559694647789001
3.1355180740356445 0.0 12.003053665161133 0.0 0.6909518837928772 0.0 0.7229012846946716 6.260184288024902 0.0 8.74045467376709 0.0 0.04430254548788071 0.0 0.9990182518959045 9.392365455627441 0.0 5.464321613311768 0.0 0.6902315020561218 0.0 0.7235891222953796
3.1033029556274414 0.0 12.001603126525879 0.0 0.6948271989822388 0.0 0.71917724609375 6.194313049316406 0.0 8.731827735900879 0.0 0.04527584835886955 0.0 0.998974621295929 9.07696533203125 0.0 5.452147006988525 0.0 0.7194048166275024 0.0 0.6945915818214417
3.0457725524902344 0.0 11.999794960021973 0.0 0.7016940712928772 0.0 0.7124788761138916 6.071128845214844 0.0 8.638838768005371 0.0 0.06021194905042648 0.0 0.9981856942176819 8.749979019165039 0.0 5.286795139312744 0.0 0.7416620254516602 0.0 0.6707742810249329
2.9663779735565186 0.0 11.999135971069336 0.0 0.7110593914985657 0.0 0.7031323909759521 5.890653133392334 0.0 8.46958065032959 0.0 0.08834996819496155 0.0 0.996089518070221 8.4166898727417 0.0 4.969195365905762 0.0 0.7562551498413086 0.0 0.6542773842811584
2.870060920715332 0.0 12.001266479492188 0.0 0.7222544550895691 0.0 0.6916278600692749 5.65159273147583 0.0 8.241312980651855 0.0 0.12759853899478912 0.0 0.9918258786201477 8.079075813293457 0.0 4.518913269042969 0.0 0.762006402015686 0.0 0.6475700736045837
2.7623069286346436 0.0 12.007484436035156 0.0 0.7345735430717468 0.0 0.6785295605659485 5.354183197021484 0.0 7.977602481842041 0.0 0.17494091391563416 0.0 0.9845789074897766 7.737219333648682 0.0 3.9734115600585938 0.0 0.7579028606414795 0.0 0.6523680686950684
2.64949369430542 0.0 12.018391609191895 0.0 0.7472520470619202 0.0 0.6645411849021912 5.00537633895874 0.0 7.70359468460083 0.0 0.2270599901676178 0.0 0.9738807082176208 7.388164520263672 0.0 3.385319709777832 0.0 0.7442286610603333 0.0 0.6679254770278931
2.540407419204712 0.0 12.033370018005371 0.0 0.7593128681182861 0.0 0.6507261991500854 4.6244940757751465 0.0 7.441887855529785 0.0 0.2806282937526703 0.0 0.9598164558410645 7.022761344909668 0.0 2.8152246475219727 0.0 0.7239874601364136 0.0 0.6898136138916016
2.4459121227264404 0.0 12.050052642822266 0.0 0.7696147561073303 0.0 0.6385090351104736 4.245093822479248 0.0 7.2115325927734375 0.0 0.3319297134876251 0.0 0.9433040022850037 6.624895095825195 0.0 2.3181679248809814 0.0 0.7039564847946167 0.0 0.7102435827255249
2.373927593231201 0.0 12.065133094787598 0.0 0.7773783802986145 0.0 0.6290338039398193 3.9076755046844482 0.0 7.028604507446289 0.0 0.376503586769104 0.0 0.9264150857925415 6.17868709564209 0.0 1.9278110265731812 0.0 0.6938820481300354 0.0 0.7200890779495239
2.3244431018829346 0.0 12.07660961151123 0.0 0.782673716545105 0.0 0.6224327087402344 3.6447529792785645 0.0 6.902665138244629 0.0 0.410240113735199 0.0 0.9119774699211121 5.680214881896973 0.0 1.6515147686004639 0.0 0.7024283409118652 0.0 0.7117548584938049
2.2932350635528564 0.0 12.08426284790039 0.0 0.7859950661659241 0.0 0.618233323097229 3.4697251319885254 0.0 6.828913688659668 0.0 0.43184930086135864 0.0 0.9019457101821899 5.141659259796143 0.0 1.486251950263977 0.0 0.7315702438354492 0.0 0.6817664504051208
2.2784130573272705 0.0 12.088031768798828 0.0 0.787568211555481 0.0 0.6162281036376953 3.3743724822998047 0.0 6.78793478012085 0.0 0.44406065344810486 0.0 0.895996630191803 4.588996887207031 0.0 1.434888482093811 0.0 0.7745966911315918 0.0 0.6324558854103088
2.2771360874176025 0.0 12.088388442993164 0.0 0.7877042889595032 0.0 0.6160541772842407 3.3317012786865234 0.0 6.759507179260254 0.0 0.4514451026916504 0.0 0.8922987580299377 4.061063289642334 0.0 1.494308352470398 0.0 0.8205057978630066 0.0 0.5716386437416077
2.28068470954895 0.0 12.087507247924805 0.0 0.7873287796974182 0.0 0.6165340542793274 3.3086769580841064 0.0 6.7361040115356445 0.0 0.45695120096206665 0.0 0.889491617679596 3.600446939468384 0.0 1.6366987228393555 0.0 0.8604922294616699 0.0 0.5094640851020813
2.278574228286743 0.0 12.088031768798828 0.0 0.7875521779060364 0.0 0.6162486672401428 3.2818503379821777 0.0 6.72123908996582 0.0 0.46104422211647034 0.0 0.8873770236968994 3.238036632537842 0.0 1.8147894144058228 0.0 0.8903773427009583 0.0 0.45522385835647583
2.2645678520202637 0.0 12.09150218963623 0.0 0.7890319228172302 0.0 0.614352822303772 3.242537260055542 0.0 6.720395565032959 0.0 0.46307218074798584 0.0 0.8863204121589661 2.986884117126465 0.0 1.9793016910552979 0.0 0.9094036817550659 0.0 0.41591519117355347
2.238199472427368 0.0 12.09820556640625 0.0 0.791809618473053 0.0 0.6107686758041382 3.192537546157837 0.0 6.735745906829834 0.0 0.4625762701034546 0.0 0.8865792751312256 2.8470513820648193 0.0 2.0917298793792725 0.0 0.9183053970336914 0.0 0.39587336778640747
2.202711820602417 0.0 12.107649803161621 0.0 0.7955328822135925 0.0 0.605911135673523 3.137233257293701 0.0 6.765565872192383 0.0 0.4597504734992981 0.0 0.8880479335784912 2.814199924468994 0.0 2.130045175552368 0.0 0.9178635478019714 0.0 0.3968968391418457
2.162307024002075 0.0 12.119020462036133 0.0 0.7997519373893738 0.0 0.6003314256668091 3.0809359550476074 0.0 6.805710792541504 0.0 0.4552953839302063 0.0 0.8903402090072632 2.885883092880249 0.0 2.0903332233428955 0.0 0.9082139134407043 0.0 0.4185069501399994
2.1209325790405273 0.0 12.131356239318848 0.0 0.8040506839752197 0.0 0.5945615768432617 3.0264382362365723 0.0 6.850967884063721 0.0 0.4501008093357086 0.0 0.8929774761199951 3.0626602172851562 0.0 1.9870777130126953 0.0 0.8889194130897522 0.0 0.4580642879009247
2.0831141471862793 0.0 12.143270492553711 0.0 0.8079618215560913 0.0 0.5892356634140015 2.9785959720611572 0.0 6.8956170082092285 0.0 0.4449250400066376 0.0 0.8955675363540649 3.3438150882720947 0.0 1.852142333984375 0.0 0.8597748279571533 0.0 0.510673999786377
2.0555174350738525 0.0 12.152402877807617 0.0 0.8108066320419312 0.0 0.5853148698806763 2.949939250946045 0.0 6.934248924255371 0.0 0.4399254322052002 0.0 0.8980339765548706 3.719902515411377 0.0 1.7297184467315674 0.0 0.8222194910049438 0.0 0.569171130657196
2.046900510787964 0.0 12.155409812927246 0.0 0.8116958141326904 0.0 0.5840811729431152 2.963937282562256 0.0 6.964727401733398 0.0 0.4339780807495117 0.0 0.9009230732917786 4.167303085327148 0.0 1.6642154455184937 0.0 0.7807984352111816 0.0 0.6247835755348206
2.0651028156280518 0.0 12.149325370788574 0.0 0.8098233938217163 0.0 0.5866745114326477 3.0502500534057617 0.0 6.992677211761475 0.0 0.4243389368057251 0.0 0.9055030941963196 4.651408672332764 0.0 1.683532953262329 0.0 0.7433303594589233 0.0 0.6689249873161316
2.113760232925415 0.0 12.133432388305664 0.0 0.8047888875007629 0.0 0.5935618877410889 3.231550455093384 0.0 7.031710624694824 0.0 0.4076910614967346 0.0 0.9131195545196533 5.1389079093933105 0.0 1.7900688648223877 0.0 0.718334436416626 0.0 0.6956984400749207
2.193437337875366 0.0 12.109256744384766 0.0 0.7964752316474915 0.0 0.604671835899353 3.512061357498169 0.0 7.094691753387451 0.0 0.3825092613697052 0.0 0.923951268196106 5.608208179473877 0.0 1.9702602624893188 0.0 0.7105191946029663 0.0 0.7036782503128052
2.304539442062378 0.0 12.07945728302002 0.0 0.7847399115562439 0.0 0.6198258399963379 3.8765790462493896 0.0 7.183887958526611 0.0 0.35061728954315186 0.0 0.9365184903144836 6.050161361694336 0.0 2.2096290588378906 0.0 0.7180889248847961 0.0 0.6959518790245056
2.4449052810668945 0.0 12.048299789428711 0.0 0.7696704864501953 0.0 0.6384419202804565 4.296072006225586 0.0 7.291642665863037 0.0 0.3161991536617279 0.0 0.9486925601959229 6.465572357177734 0.0 2.492626190185547 0.0 0.734461784362793 0.0 0.6786505579948425
2.6058216094970703 0.0 12.021544456481934 0.0 0.752046525478363 0.0 0.6591106057167053 4.735467910766602 0.0 7.408214092254639 0.0 0.28341296315193176 0.0 0.9589976668357849 6.8623504638671875 0.0 2.7953670024871826 0.0 0.7523884177207947 0.0 0.6587201952934265
2.77350115776062 0.0 12.003825187683105 0.0 0.7332543134689331 0.0 0.6799550652503967 5.1615095138549805 0.0 7.525821685791016 0.0 0.25493401288986206 0.0 0.9669581651687622 7.249933242797852 0.0 3.0875892639160156 0.0 0.7665582895278931 0.0 0.6421751976013184
2.93336820602417 0.0 11.996484756469727 0.0 0.7148882746696472 0.0 0.6992393136024475 5.547046661376953 0.0 7.6378936767578125 0.0 0.23189705610275269 0.0 0.9727400541305542 7.634533405303955 0.0 3.3411824703216553 0.0 0.7738092541694641 0.0 0.6334191560745239
3.072624683380127 0.0 11.997655868530273 0.0 0.698493480682373 0.0 0.7156170010566711 5.871269702911377 0.0 7.738156318664551 0.0 0.21436670422554016 0.0 0.9767529964447021 8.017892837524414 0.0 3.5374512672424316 0.0 0.7723767757415771 0.0 0.6351651549339294
3.180853843688965 0.0 12.003498077392578 0.0 0.6854708790779114 0.0 0.728100597858429 6.118301868438721 0.0 7.820773601531982 0.0 0.2017868310213089 0.0 0.9794291853904724 8.397764205932617 0.0 3.670900583267212 0.0 0.7612278461456299 0.0 0.648485004901886
3.2502522468566895 0.0 12.0096435546875 0.0 0.6769794821739197 0.0 0.7360024452209473 6.276641368865967 0.0 7.880988121032715 0.0 0.1933351308107376 0.0 0.9811325073242188 8.767672538757324 0.0 3.7499616146087646 0.0 0.7398474216461182 0.0 0.672775149345398
3.2764830589294434 0.0 12.012648582458496 0.0 0.6737373471260071 0.0 0.738971471786499 6.340623378753662 0.0 7.916270732879639 0.0 0.18818975985050201 0.0 0.9821324348449707 9.115052223205566 0.0 3.794945478439331 0.0 0.708570659160614 0.0 0.7056402564048767
3.2599756717681885 0.0 12.011237144470215 0.0 0.6757752895355225 0.0 0.7371082901954651 6.313348770141602 0.0 7.928322792053223 0.0 0.18557970225811005 0.0 0.9826290011405945 9.418895721435547 0.0 3.832850456237793 0.0 0.6693795323371887 0.0 0.742920994758606
3.206453561782837 0.0 12.006628036499023 0.0 0.6823477745056152 0.0 0.7310283780097961 6.208774566650391 0.0 7.925524711608887 0.0 0.18445293605327606 0.0 0.9828411340713501 9.649948120117188 0.0 3.8888661861419678 0.0 0.6268093585968018 0.0 0.7791730165481567
3.125281572341919 0.0 12.001511573791504 0.0 0.6921933889389038 0.0 0.7217127084732056 6.049717426300049 0.0 7.92376184463501 0.0 0.1829644739627838 0.0 0.9831193089485168 9.776707649230957 0.0 3.9766855239868164 0.0 0.588169276714325 0.0 0.8087382316589355
3.02602481842041 0.0 11.998467445373535 0.0 0.7040396332740784 0.0 0.7101612687110901 5.860800266265869 0.0 7.942602634429932 0.0 0.17858609557151794 0.0 0.9839240908622742 9.776203155517578 0.0 4.093263626098633 0.0 0.5620439052581787 0.0 0.8271077275276184
2.916525363922119 0.0 11.999161720275879 0.0 0.7168766856193542 0.0 0.6972006559371948 5.6612091064453125 0.0 7.996030330657959 0.0 0.1694706827402115 0.0 0.9855350255966187 9.64148998260498 0.0 4.223315238952637 0.0 0.5549839735031128 0.0 0.8318613767623901
2.8041446208953857 0.0 12.004286766052246 0.0 0.7298145890235901 0.0 0.6836458444595337 5.4630303382873535 0.0 8.0828275680542 0.0 0.15614694356918335 0.0 0.9877336025238037 9.379877090454102 0.0 4.349695682525635 0.0 0.5684025287628174 0.0 0.8227509260177612
2.6960337162017822 0.0 12.013466835021973 0.0 0.7420490384101868 0.0 0.6703463196754456 5.2726826667785645 0.0 8.184526443481445 0.0 0.14177003502845764 0.0 0.9898993968963623 9.008313179016113 0.0 4.458075523376465 0.0 0.5982857346534729 0.0 0.8012831211090088
2.5965323448181152 0.0 12.025565147399902 0.0 0.7531362771987915 0.0 0.6578652858734131 5.091198444366455 0.0 8.273146629333496 0.0 0.1307525485754013 0.0 0.9914147257804871 8.55178451538086 0.0 4.5328898429870605 0.0 0.6378851532936096 0.0 0.7701318264007568
2.5063018798828125 0.0 12.0394926071167 0.0 0.7630534768104553 0.0 0.6463361382484436 4.915607929229736 0.0 8.322010040283203 0.0 0.12719228863716125 0.0 0.9918777942657471 8.040009498596191 0.0 4.553590774536133 0.0 0.6808721423149109 0.0 0.7324026226997375
2.424769401550293 0.0 12.054496765136719 0.0 0.7719064950942993 0.0 0.635736882686615 4.7420430183410645 0.0 8.312056541442871 0.0 0.1340196281671524 0.0 0.9909783601760864 7.501073837280273 0.0 4.497385501861572 0.0 0.7227464914321899 0.0 0.6911135911941528
2.352691650390625 0.0 12.069738388061523 0.0 0.7796509861946106 0.0 0.6262150406837463 4.567564010620117 0.0 8.233555793762207 0.0 0.15267826616764069 0.0 0.9882756471633911 6.957061767578125 0.0 4.345788955688477 0.0 0.7606041431427002 0.0 0.6492162942886353
2.2927768230438232 0.0 12.083900451660156 0.0 0.7860330939292908 0.0 0.6181851029396057 4.390012264251709 0.0 8.086586952209473 0.0 0.18298856914043427 0.0 0.9831147789955139 6.423971652984619 0.0 4.090198516845703 0.0 0.7924213409423828 0.0 0.6099744439125061
2.248542547225952 0.0 12.0952787399292 0.0 0.7907147407531738 0.0 0.6121854782104492 4.207546710968018 0.0 7.8813371658325195 0.0 0.22318384051322937 0.0 0.9747761487960815 5.914150238037109 0.0 3.7345104217529297 0.0 0.8166040182113647 0.0 0.5771986842155457
2.222348213195801 0.0 12.102413177490234 0.0 0.7934760451316833 0.0 0.6086021661758423 4.018984794616699 0.0 7.637022972106934 0.0 0.27026310563087463 0.0 0.9627862572669983 5.438919544219971 0.0 3.2954273223876953 0.0 0.831946611404419 0.0 0.5548561215400696
2.2138450145721436 0.0 12.104823112487793 0.0 0.7943715453147888 0.0 0.6074329018592834 3.824770927429199 0.0 7.378225326538086 0.0 0.32063642144203186 0.0 0.9472020864486694 5.009914875030518 0.0 2.8017516136169434 0.0 0.8378218412399292 0.0 0.5459442138671875
2.2200164794921875 0.0 12.103160858154297 0.0 0.793724000453949 0.0 0.608278751373291 3.628279685974121 0.0 7.129179000854492 0.0 0.3708094358444214 0.0 0.9287086725234985 4.638246536254883 0.0 2.29287052154541 0.0 0.8344852924346924 0.0 0.551030695438385
2.2369847297668457 0.0 12.098599433898926 0.0 0.7919392585754395 0.0 0.6106005311012268 3.437775135040283 0.0 6.908645153045654 0.0 0.41776686906814575 0.0 0.9085540175437927 4.3312273025512695 0.0 1.815078854560852 0.0 0.8235577344894409 0.0 0.5672329068183899
2.2619082927703857 0.0 12.092098236083984 0.0 0.7893106937408447 0.0 0.6139945387840271 3.2683496475219727 0.0 6.728208541870117 0.0 0.4588638246059418 0.0 0.8885064125061035 4.08852481842041 0.0 1.413953423500061 0.0 0.8085988163948059 0.0 0.5883608460426331
2.2925808429718018 0.0 12.084426879882812 0.0 0.7860643267631531 0.0 0.6181452870368958 3.1407530307769775 0.0 6.594083786010742 0.0 0.4914259910583496 0.0 0.8709191679954529 3.90189266204834 0.0 1.1232653856277466 0.0 0.7951480746269226 0.0 0.6064157485961914
2.32509183883667 0.0 12.076709747314453 0.0 0.7826098799705505 0.0 0.6225130558013916 3.0746407508850098 0.0 6.509035110473633 0.0 0.5127332806587219 0.0 0.8585478067398071 3.7608537673950195 0.0 0.9563366174697876 0.0 0.7893146872520447 0.0 0.6139892935752869
2.3538243770599365 0.0 12.070267677307129 0.0 0.7795456051826477 0.0 0.6263460516929626 3.0794835090637207 0.0 6.471940994262695 0.0 0.5209644436836243 0.0 0.8535782098770142 3.660463333129883 0.0 0.9089535474777222 0.0 0.794851541519165 0.0 0.606804370880127
2.375175714492798 0.0 12.065705299377441 0.0 0.7772614359855652 0.0 0.6291783452033997 3.1497645378112793 0.0 6.477619171142578 0.0 0.5165043473243713 0.0 0.8562843799591064 3.605013608932495 0.0 0.9718341827392578 0.0 0.8106565475463867 0.0 0.5855223536491394
2.3889238834381104 0.0 12.062859535217285 0.0 0.7757871150970459 0.0 0.6309953331947327 3.266986131668091 0.0 6.519425868988037 0.0 0.5019425749778748 0.0 0.8649007081985474 3.606503963470459 0.0 1.1336075067520142 0.0 0.8313604593276978 0.0 0.5557339787483215
2.395256757736206 0.0 12.061575889587402 0.0 0.7751071453094482 0.0 0.6318303942680359 3.4076147079467773 0.0 6.591952800750732 0.0 0.48041078448295593 0.0 0.8770433664321899 3.678908586502075 0.0 1.3709355592727661 0.0 0.8507536053657532 0.0 0.5255652070045471
2.3941948413848877 0.0 12.061800956726074 0.0 0.7752214074134827 0.0 0.6316902041435242 3.552546739578247 0.0 6.690709114074707 0.0 0.45437294244766235 0.0 0.8908113837242126 3.8306567668914795 0.0 1.646806001663208 0.0 0.8644906878471375 0.0 0.5026493072509766
2.3878605365753174 0.0 12.063106536865234 0.0 0.7759018540382385 0.0 0.6308541893959045 3.6912567615509033 0.0 6.8095293045043945 0.0 0.42585572600364685 0.0 0.9047909379005432 4.061182498931885 0.0 1.9206640720367432 0.0 0.8703632354736328 0.0 0.49241065979003906
2.380520820617676 0.0 12.064643859863281 0.0 0.7766897082328796 0.0 0.6298839449882507 3.819854497909546 0.0 6.938938140869141 0.0 0.39689308404922485 0.0 0.9178647398948669 4.36358118057251 0.0 2.159040927886963 0.0 0.8674659729003906 0.0 0.49749693274497986
2.3763065338134766 0.0 12.065543174743652 0.0 0.7771418690681458 0.0 0.6293259859085083 3.9371414184570312 0.0 7.0672287940979 0.0 0.3694955110549927 0.0 0.9292323589324951 4.729469299316406 0.0 2.342165231704712 0.0 0.8554283380508423 0.0 0.5179215669631958
2.3774993419647217 0.0 12.065292358398438 0.0 0.7770140171051025 0.0 0.6294838786125183 4.042446136474609 0.0 7.18336296081543 0.0 0.3453303873538971 0.0 0.9384810328483582 5.151352405548096 0.0 2.4669716358184814 0.0 0.8341010808944702 0.0 0.5516119003295898
2.384835720062256 0.0 12.063736915588379 0.0 0.7762266397476196 0.0 0.6304545998573303 4.13643741607666 0.0 7.279630184173584 0.0 0.325397789478302 0.0 0.945577085018158 5.6208176612854 0.0 2.546987295150757 0.0 0.8037796020507812 0.0 0.5949274301528931
2.3991854190826416 0.0 12.060739517211914 0.0 0.7746840119361877 0.0 0.6323491334915161 4.223855495452881 0.0 7.353212356567383 0.0 0.3097865879535675 0.0 0.9508059620857239 6.124081134796143 0.0 2.608555555343628 0.0 0.7658962607383728 0.0 0.6429643630981445
2.4228973388671875 0.0 12.055930137634277 0.0 0.7721278071403503 0.0 0.6354679465293884 4.3157243728637695 0.0 7.407317161560059 0.0 0.2974575161933899 0.0 0.9547348618507385 6.638424873352051 0.0 2.682631254196167 0.0 0.7238893508911133 0.0 0.6899163126945496
2.4593074321746826 0.0 12.0488920211792 0.0 0.7681856155395508 0.0 0.6402279138565063 4.42794132232666 0.0 7.452098846435547 0.0 0.2861708104610443 0.0 0.9581784605979919 7.133588790893555 0.0 2.7935056686401367 0.0 0.6835549473762512 0.0 0.7298992872238159
2.5105528831481934 0.0 12.039735794067383 0.0 0.7626023292541504 0.0 0.6468683481216431 4.574956893920898 0.0 7.503200054168701 0.0 0.2729775309562683 0.0 0.962020218372345 7.579349040985107 0.0 2.9500463008880615 0.0 0.6519805788993835 0.0 0.7582358121871948
2.576181411743164 0.0 12.029342651367188 0.0 0.7553927898406982 0.0 0.6552729606628418 4.762311935424805 0.0 7.575460433959961 0.0 0.2555173933506012 0.0 0.9668042659759521 7.9541497230529785 0.0 3.1461660861968994 0.0 0.6349020004272461 0.0 0.7725928425788879
2.654111623764038 0.0 12.018967628479004 0.0 0.7467437386512756 0.0 0.6651124954223633 4.983973979949951 0.0 7.674482822418213 0.0 0.23344287276268005 0.0 0.9723702669143677 8.248026847839355 0.0 3.3692688941955566 0.0 0.6339954733848572 0.0 0.7733368873596191
2.7413389682769775 0.0 12.009882926940918 0.0 0.7369453310966492 0.0 0.6759529709815979 5.2247233390808105 0.0 7.793273448944092 0.0 0.20873162150382996 0.0 0.977972686290741 8.461014747619629 0.0 3.606218099594116 0.0 0.6462764739990234 0.0 0.7631034255027771
2.832517385482788 0.0 12.003283500671387 0.0 0.7265651822090149 0.0 0.6870981454849243 5.463946342468262 0.0 7.916653633117676 0.0 0.1845855563879013 0.0 0.9828161597251892 8.6016206741333 0.0 3.84177827835083 0.0 0.6660637855529785 0.0 0.7458948493003845
2.919393301010132 0.0 11.999821662902832 0.0 0.7165372371673584 0.0 0.6975494623184204 5.679928302764893 0.0 8.028215408325195 0.0 0.16397063434123993 0.0 0.9864649176597595 8.684191703796387 0.0 4.056050777435303 0.0 0.6876726150512695 0.0 0.7260209918022156
2.9928226470947266 0.0 11.999109268188477 0.0 0.70795077085495 0.0 0.706262469291687 5.853993892669678 0.0 8.114492416381836 0.0 0.14887309074401855 0.0 0.9888560175895691 8.724139213562012 0.0 4.226447105407715 0.0 0.706913411617279 0.0 0.707300066947937
3.0451395511627197 0.0 11.99988079071045 0.0 0.7017677426338196 0.0 0.7124065160751343 5.972623348236084 0.0 8.166226387023926 0.0 0.14028821885585785 0.0 0.990110456943512 8.733918190002441 0.0 4.332624435424805 0.0 0.7212276458740234 0.0 0.692698061466217
3.0711283683776855 0.0 12.000727653503418 0.0 0.6986749172210693 0.0 0.7154399752616882 6.027243137359619 0.0 8.178682327270508 0.0 0.13846169412136078 0.0 0.9903674721717834 8.721508979797363 0.0 4.361165523529053 0.0 0.7292327284812927 0.0 0.684265673160553
3.067920207977295 0.0 12.000763893127441 0.0 0.6990572214126587 0.0 0.7150664925575256 6.013095855712891 0.0 8.15172290802002 0.0 0.14310099184513092 0.0 0.9897078275680542 8.690577507019043 0.0 4.308563709259033 0.0 0.7302707433700562 0.0 0.6831578016281128
3.0347609519958496 0.0 12.000015258789062 0.0 0.7029994130134583 0.0 0.7111912369728088 5.928731918334961 0.0 8.089590072631836 0.0 0.15352796018123627 0.0 0.988144040107727 8.640908241271973 0.0 4.1822896003723145 0.0 0.724224328994751 0.0 0.6895644068717957
2.973215341567993 0.0 11.99948501586914 0.0 0.7102575302124023 0.0 0.7039427161216736 5.776851177215576 0.0 8.000314712524414 0.0 0.16878944635391235 0.0 0.9856518507003784 8.568313598632812 0.0 3.9999632835388184 0.0 0.7116746306419373 0.0 0.7025091648101807
2.8877108097076416 0.0 12.000880241394043 0.0 0.7202167510986328 0.0 0.6937498450279236 5.566145896911621 0.0 7.894912242889404 0.0 0.18768265843391418 0.0 0.9822294116020203 8.464223861694336 0.0 3.786421775817871 0.0 0.6943410634994507 0.0 0.7196460366249084
2.7857024669647217 0.0 12.005918502807617 0.0 0.7319174408912659 0.0 0.681394100189209 5.31273889541626 0.0 7.786468029022217 0.0 0.20864596962928772 0.0 0.9779909253120422 8.316107749938965 0.0 3.568557024002075 0.0 0.6755462884902954 0.0 0.7373175024986267
2.676536798477173 0.0 12.015475273132324 0.0 0.7442336678504944 0.0 0.6679201722145081 5.03919792175293 0.0 7.688796520233154 0.0 0.22963391244411469 0.0 0.9732767343521118 8.110212326049805 0.0 3.3688719272613525 0.0 0.6602229475975037 0.0 0.7510696053504944
2.569133996963501 0.0 12.029128074645996 0.0 0.756156861782074 0.0 0.6543912887573242 4.770188331604004 0.0 7.613837718963623 0.0 0.24834655225276947 0.0 0.9686709046363831 7.8365936279296875 0.0 3.2006242275238037 0.0 0.6539075970649719 0.0 0.7565743327140808
2.4702868461608887 0.0 12.045435905456543 0.0 0.7669704556465149 0.0 0.6416832804679871 4.526604652404785 0.0 7.5674729347229 0.0 0.26305091381073 0.0 0.9647815823554993 7.493584632873535 0.0 3.0678672790527344 0.0 0.6606963276863098 0.0 0.7506532073020935
2.3848702907562256 0.0 12.062448501586914 0.0 0.7761982083320618 0.0 0.6304898858070374 4.3213276863098145 0.0 7.54576301574707 0.0 0.27356329560279846 0.0 0.9618536233901978 7.088950157165527 0.0 2.96980619430542 0.0 0.681232213973999 0.0 0.732067346572876
2.3163180351257324 0.0 12.078093528747559 0.0 0.7835298180580139 0.0 0.6213551163673401 4.157599449157715 0.0 7.5353922843933105 0.0 0.28147751092910767 0.0 0.9595674872398376 6.63886022567749 0.0 2.9036755561828613 0.0 0.7122951149940491 0.0 0.7018800377845764
2.2658438682556152 0.0 12.090749740600586 0.0 0.7888872027397156 0.0 0.6145390868186951 4.0297532081604 0.0 7.519553184509277 0.0 0.28932926058769226 0.0 0.9572293162345886 6.166304588317871 0.0 2.86260724067688 0.0 0.7484065890312195 0.0 0.6632400751113892
2.2320079803466797 0.0 12.099753379821777 0.0 0.7924591302871704 0.0 0.6099259853363037 3.926758289337158 0.0 7.485194683074951 0.0 0.2993896007537842 0.0 0.9541305899620056 5.697566032409668 0.0 2.832759141921997 0.0 0.7841154932975769 0.0 0.6206148266792297
2.211858034133911 0.0 12.105299949645996 0.0 0.794578492641449 0.0 0.607162356376648 3.8371894359588623 0.0 7.426673889160156 0.0 0.3129192590713501 0.0 0.9497793912887573 5.257071495056152 0.0 2.7948172092437744 0.0 0.8154031038284302 0.0 0.5788935422897339
2.2023580074310303 0.0 12.107963562011719 0.0 0.795575737953186 0.0 0.6058550477027893 3.7526895999908447 0.0 7.345424175262451 0.0 0.3300471603870392 0.0 0.9439640641212463 4.863831520080566 0.0 2.729198455810547 0.0 0.8399146795272827 0.0 0.5427184104919434
2.2008442878723145 0.0 12.108397483825684 0.0 0.795734703540802 0.0 0.6056461930274963 3.668788433074951 0.0 7.247929096221924 0.0 0.34999600052833557 0.0 0.9367508292198181 4.531095027923584 0.0 2.6215884685516357 0.0 0.8565669059753418 0.0 0.5160360336303711
2.204669952392578 0.0 12.107339859008789 0.0 0.7953338027000427 0.0 0.6061725616455078 3.5839779376983643 0.0 7.143466949462891 0.0 0.37141984701156616 0.0 0.9284646511077881 4.268129348754883 0.0 2.4667952060699463 0.0 0.8650331497192383 0.0 0.5017147660255432
2.2108774185180664 0.0 12.105636596679688 0.0 0.794683039188385 0.0 0.6070254445075989 3.4985294342041016 0.0 7.041903495788574 0.0 0.3927469551563263 0.0 0.9196462035179138 4.082083225250244 0.0 2.2705531120300293 0.0 0.8653727173805237 0.0 0.5011287927627563
2.2165679931640625 0.0 12.104092597961426 0.0 0.7940860986709595 0.0 0.6078060865402222 3.414260149002075 0.0 6.9516754150390625 0.0 0.41246578097343445 0.0 0.9109727144241333 3.9783308506011963 0.0 2.0494766235351562 0.0 0.8579456210136414 0.0 0.5137404799461365
2.220027208328247 0.0 12.103161811828613 0.0 0.7937231063842773 0.0 0.6082800626754761 3.3357250690460205 0.0 6.878497123718262 0.0 0.42927563190460205 0.0 0.9031730890274048 3.9587864875793457 0.0 1.8290749788284302 0.0 0.8436611890792847 0.0 0.5368759036064148
2.221816301345825 0.0 12.102683067321777 0.0 0.7935352921485901 0.0 0.6085250377655029 3.2720532417297363 0.0 6.825433254241943 0.0 0.4420267641544342 0.0 0.8970014452934265 4.019247531890869 0.0 1.6393213272094727 0.0 0.8244488835334778 0.0 0.565936267375946
2.224715232849121 0.0 12.10190486907959 0.0 0.7932307720184326 0.0 0.6089219450950623 3.237375497817993 0.0 6.7942986488342285 0.0 0.44950035214424133 0.0 0.8932796716690063 4.148175239562988 0.0 1.5077974796295166 0.0 0.8035893440246582 0.0 0.5951840281486511
2.2323267459869385 0.0 12.099869728088379 0.0 0.7924305200576782 0.0 0.6099629998207092 3.247910976409912 0.0 6.787272930145264 0.0 0.45032215118408203 0.0 0.8928656578063965 4.328972816467285 0.0 1.4525840282440186 0.0 0.7853578329086304 0.0 0.6190419793128967
2.247681140899658 0.0 12.095816612243652 0.0 0.7908132672309875 0.0 0.6120582818984985 3.316209316253662 0.0 6.806957721710205 0.0 0.44335201382637024 0.0 0.8963471055030823 4.545127868652344 0.0 1.4791309833526611 0.0 0.7736779451370239 0.0 0.6335789561271667
2.2731997966766357 0.0 12.089249610900879 0.0 0.7881177067756653 0.0 0.6155253052711487 3.4459638595581055 0.0 6.854387283325195 0.0 0.428455114364624 0.0 0.903562605381012 4.7848029136657715 0.0 1.582977056503296 0.0 0.7703562378883362 0.0 0.6376136541366577
2.310987949371338 0.0 12.079933166503906 0.0 0.784108579158783 0.0 0.6206244230270386 3.630516767501831 0.0 6.926949977874756 0.0 0.40694451332092285 0.0 0.9134523868560791 5.0423712730407715 0.0 1.753743052482605 0.0 0.7742354869842529 0.0 0.6328974962234497
2.361863136291504 0.0 12.068187713623047 0.0 0.7786784172058105 0.0 0.6274240016937256 3.8552255630493164 0.0 7.018590927124023 0.0 0.38116440176963806 0.0 0.9245067834854126 5.317331314086914 0.0 1.9754995107650757 0.0 0.7820062637329102 0.0 0.6232704520225525
2.4242475032806396 0.0 12.055074691772461 0.0 0.771969199180603 0.0 0.635660707950592 4.101958751678467 0.0 7.121828079223633 0.0 0.35363203287124634 0.0 0.9353841543197632 5.611767768859863 0.0 2.2261343002319336 0.0 0.7898764610290527 0.0 0.6132659316062927
2.4945240020751953 0.0 12.042025566101074 0.0 0.7643434405326843 0.0 0.6448101997375488 4.353348731994629 0.0 7.229304790496826 0.0 0.3264736235141754 0.0 0.9452058672904968 5.9275007247924805 0.0 2.4800822734832764 0.0 0.7947798371315002 0.0 0.6068978309631348
2.568161964416504 0.0 12.030305862426758 0.0 0.7562733292579651 0.0 0.6542566418647766 4.595002174377441 0.0 7.334287643432617 0.0 0.301297664642334 0.0 0.9535297155380249 6.264358043670654 0.0 2.713665723800659 0.0 0.7947035431861877 0.0 0.6069977283477783
2.640428066253662 0.0 12.020731925964355 0.0 0.748271107673645 0.0 0.6633937954902649 4.815682411193848 0.0 7.430942535400391 0.0 0.27922773361206055 0.0 0.960224449634552 6.6198906898498535 0.0 2.910111665725708 0.0 0.7885069847106934 0.0 0.6150257587432861
2.7066731452941895 0.0 12.013628959655762 0.0 0.7408609390258789 0.0 0.6716591715812683 5.006717205047607 0.0 7.514837741851807 0.0 0.26091814041137695 0.0 0.9653605222702026 6.989511489868164 0.0 3.0626087188720703 0.0 0.7756707668304443 0.0 0.6311377286911011
2.762702465057373 0.0 12.008869171142578 0.0 0.7345356345176697 0.0 0.6785709261894226 5.161853790283203 0.0 7.583491325378418 0.0 0.24654199182987213 0.0 0.9691317081451416 7.3660197257995605 0.0 3.1750102043151855 0.0 0.7562269568443298 0.0 0.6543094515800476
2.805474281311035 0.0 12.006003379821777 0.0 0.729669988155365 0.0 0.6838002800941467 5.278016090393066 0.0 7.6368184089660645 0.0 0.2357885092496872 0.0 0.9718040227890015 7.738384246826172 0.0 3.2601675987243652 0.0 0.7309446930885315 0.0 0.6824367046356201
2.8338325023651123 0.0 12.004467964172363 0.0 0.7264257073402405 0.0 0.687245786190033 5.3564910888671875 0.0 7.677552223205566 0.0 0.22786134481430054 0.0 0.9736932516098022 8.090685844421387 0.0 3.3359758853912354 0.0 0.7016887068748474 0.0 0.7124836444854736
2.8487062454223633 0.0 12.003777503967285 0.0 0.7247180938720703 0.0 0.6890462040901184 5.403321266174316 0.0 7.7115678787231445 0.0 0.2214794158935547 0.0 0.9751646518707275 8.402706146240234 0.0 3.4197120666503906 0.0 0.6716844439506531 0.0 0.7408372759819031
2.8524184226989746 0.0 12.00362777709961 0.0 0.7242913246154785 0.0 0.689494788646698 5.427759647369385 0.0 7.747390270233154 0.0 0.2149854600429535 0.0 0.9766168594360352 8.653165817260742 0.0 3.5224294662475586 0.0 0.6452916860580444 0.0 0.7639361619949341
2.847520112991333 0.0 12.003870964050293 0.0 0.7248546481132507 0.0 0.6889025568962097 5.438963890075684 0.0 7.793898105621338 0.0 0.20674453675746918 0.0 0.9783945679664612 8.824690818786621 0.0 3.6460633277893066 0.0 0.6270049214363098 0.0 0.7790151834487915
2.8361411094665527 0.0 12.004453659057617 0.0 0.726161539554596 0.0 0.6875248551368713 5.4428486824035645 0.0 7.856344699859619 0.0 0.1958366185426712 0.0 0.9806361198425293 8.907703399658203 0.0 3.784722089767456 0.0 0.6199216842651367 0.0 0.7846634984016418
2.820028066635132 0.0 12.005356788635254 0.0 0.7280081510543823 0.0 0.685569167137146 5.440896987915039 0.0 7.932866096496582 0.0 0.18264591693878174 0.0 0.9831783175468445 8.901387214660645 0.0 3.928225040435791 0.0 0.6245527267456055 0.0 0.7809823751449585
2.8003737926483154 0.0 12.006582260131836 0.0 0.7302542924880981 0.0 0.6831761598587036 5.430759429931641 0.0 8.01413345336914 0.0 0.16886122524738312 0.0 0.9856393933296204 8.812673568725586 0.0 4.064242362976074 0.0 0.638816237449646 0.0 0.7693590521812439
2.777238368988037 0.0 12.00818920135498 0.0 0.7328894138336182 0.0 0.6803485155105591 5.407644748687744 0.0 8.086479187011719 0.0 0.15687772631645203 0.0 0.9876176118850708 8.654485702514648 0.0 4.178193092346191 0.0 0.6591710448265076 0.0 0.7519927620887756
2.7495408058166504 0.0 12.01034164428711 0.0 0.7360315918922424 0.0 0.6769478917121887 5.3661112785339355 0.0 8.1361722946167 0.0 0.14906500279903412 0.0 0.9888269901275635 8.443055152893066 0.0 4.253324508666992 0.0 0.6819961071014404 0.0 0.7313555479049683
2.7159316539764404 0.0 12.013285636901855 0.0 0.7398262619972229 0.0 0.6727986931800842 5.301729679107666 0.0 8.15252685546875 0.0 0.14727942645549774 0.0 0.9890944957733154 8.194674491882324 0.0 4.272769451141357 0.0 0.7044152021408081 0.0 0.7097879648208618
2.6757774353027344 0.0 12.017295837402344 0.0 0.74433434009552 0.0 0.6678078770637512 5.211912631988525 0.0 8.129393577575684 0.0 0.15264664590358734 0.0 0.9882804155349731 7.923247814178467 0.0 4.222977638244629 0.0 0.7244497537612915 0.0 0.6893274188041687
2.629606008529663 0.0 12.022587776184082 0.0 0.7494841814041138 0.0 0.6620230078697205 5.095861911773682 0.0 8.065645217895508 0.0 0.16548416018486023 0.0 0.9862120747566223 7.639398574829102 0.0 4.096983909606934 0.0 0.7408197522163391 0.0 0.6717037558555603
2.5789997577667236 0.0 12.02924633026123 0.0 0.7550883293151855 0.0 0.6556238532066345 4.954251289367676 0.0 7.965082168579102 0.0 0.1853070706129074 0.0 0.9826803207397461 7.350765705108643 0.0 3.8964855670928955 0.0 0.7527201175689697 0.0 0.658340573310852
2.5262012481689453 0.0 12.037166595458984 0.0 0.7608914971351624 0.0 0.6488799452781677 4.7892632484436035 0.0 7.835723876953125 0.0 0.21092037856578827 0.0 0.9775028824806213 7.062699317932129 0.0 3.632423162460327 0.0 0.7597506642341614 0.0 0.650214433670044
2.4737470149993896 0.0 12.046035766601562 0.0 0.7666140198707581 0.0 0.6421090364456177 4.6051764488220215 0.0 7.6884613037109375 0.0 0.24060343205928802 0.0 0.9706231355667114 6.778724670410156 0.0 3.3240976333618164 0.0 0.7620282173156738 0.0 0.647543728351593
2.4242804050445557 0.0 12.055327415466309 0.0 0.7719725370407104 0.0 0.6356567144393921 4.409228324890137 0.0 7.535298824310303 0.0 0.27232837677001953 0.0 0.9622039794921875 6.500573635101318 0.0 2.996843099594116 0.0 0.7604072690010071 0.0 0.649446427822113
2.380455255508423 0.0 12.064326286315918 0.0 0.7766901254653931 0.0 0.6298837065696716 4.212104797363281 0.0 7.38771390914917 0.0 0.30394482612609863 0.0 0.9526892304420471 6.228105545043945 0.0 2.67830753326416 0.0 0.7566551566123962 0.0 0.6538140177726746
2.3446147441864014 0.0 12.07223129272461 0.0 0.7805280685424805 0.0 0.625121533870697 4.02724027633667 0.0 7.255478858947754 0.0 0.33331969380378723 0.0 0.9428133964538574 5.959847450256348 0.0 2.393862247467041 0.0 0.7533681392669678 0.0 0.6575988531112671
2.3181982040405273 0.0 12.078374862670898 0.0 0.7833455204963684 0.0 0.6215873956680298 3.868473768234253 0.0 7.145833969116211 0.0 0.3585236668586731 0.0 0.9335201978683472 5.694623947143555 0.0 2.162508726119995 0.0 0.7534283995628357 0.0 0.6575298309326172
2.301321506500244 0.0 12.082437515258789 0.0 0.7851405143737793 0.0 0.6193185448646545 3.7466354370117188 0.0 7.0626606941223145 0.0 0.3781452178955078 0.0 0.9257457852363586 5.433786392211914 0.0 1.9949889183044434 0.0 0.7590321898460388 0.0 0.6510530710220337
2.2929937839508057 0.0 12.084484100341797 0.0 0.786024808883667 0.0 0.6181958317756653 3.666604518890381 0.0 7.005937099456787 0.0 0.3916385769844055 0.0 0.9201186299324036 5.182825088500977 0.0 1.894464373588562 0.0 0.7707216739654541 0.0 0.6371719241142273
2.2915878295898438 0.0 12.084837913513184 0.0 0.7861741781234741 0.0 0.6180059313774109 3.6262528896331787 0.0 6.972315788269043 0.0 0.3994191586971283 0.0 0.9167678952217102 4.951565742492676 0.0 1.8578846454620361 0.0 0.7870754599571228 0.0 0.6168566346168518
2.2949869632720947 0.0 12.084012985229492 0.0 0.7858137488365173 0.0 0.6184641718864441 3.617746114730835 0.0 6.957022190093994 0.0 0.40254807472229004 0.0 0.9153982996940613 4.752821445465088 0.0 1.8762013912200928 0.0 0.8053244352340698 0.0 0.5928342938423157
2.300638437271118 0.0 12.082647323608398 0.0 0.7852141261100769 0.0 0.619225263595581 3.630615234375 0.0 6.955825328826904 0.0 0.4022139012813568 0.0 0.9155451655387878 4.599796295166016 0.0 1.9343554973602295 0.0 0.8224466443061829 0.0 0.5688421726226807
2.306063652038574 0.0 12.081353187561035 0.0 0.7846381664276123 0.0 0.6199549436569214 3.6550891399383545 0.0 6.965749740600586 0.0 0.39938923716545105 0.0 0.9167808890342712 4.5032477378845215 0.0 2.0131337642669678 0.0 0.8360124826431274 0.0 0.548710286617279
2.3095948696136475 0.0 12.08051872253418 0.0 0.7842630743980408 0.0 0.6204293370246887 3.684134006500244 0.0 6.984600067138672 0.0 0.39478954672813416 0.0 0.9187710285186768 4.46981143951416 0.0 2.09298038482666 0.0 0.8444596529006958 0.0 0.5356190204620361
2.3107287883758545 0.0 12.080252647399902 0.0 0.7841426134109497 0.0 0.6205815672874451 3.713791847229004 0.0 7.010262489318848 0.0 0.3889784514904022 0.0 0.9212462902069092 4.502021312713623 0.0 2.1581501960754395 0.0 0.8469599485397339 0.0 0.5316565036773682
2.309957265853882 0.0 12.080435752868652 0.0 0.7842246294021606 0.0 0.6204779148101807 3.742539644241333 0.0 7.040438175201416 0.0 0.38244375586509705 0.0 0.9239782094955444 4.599304676055908 0.0 2.1998229026794434 0.0 0.8431814908981323 0.0 0.5376288294792175
